d 0755 2 1001 1001 1000 1213101162 1213101161 1213113161 1 /
f 0701 1 0 1 2000 1213102162 1213102161 1213112161 1 /.hidden file 1
c 0760 1 111 121 22222 1213112162 1213112161 1213101161 1 /character special file
d 0702 2 108 7 3000 1213103162 1213103161 1213111161 1 /dir1
d 0705 2 122 127 6000 1213106162 1213106161 1213108161 1 /dir2
d 0702 2 108 7 3000 1213103162 1213103161 1213111161 2 /dir1/
f 0726 1 115 125 7000 1213107162 1213107161 1213107161 2 /dir1/.hidden file 2
p 0750 1 110 120 11111 1213111162 1213111161 1213102161 2 /dir1/fifo file
f 0703 1 1002 1002 4000 1213104162 1213104161 1213110161 2 /dir1/file 1
f 0704 1 41 41 5000 1213105162 1213105161 1213109111 2 /dir1/file 2
l 0710 1 119 29 9000 1213109162 1213109161 1213105161 2 /dir1/link file
d 0705 2 122 127 6000 1213106162 1213106161 1213108161 2 /dir2/
f 0747 1 117 126 8000 1213108162 1213108161 1213106161 2 /dir2/hello 2
s 0740 1 113 124 10000 1213110162 1213110161 1213103161 2 /dir2/semaphore file
